88078.64
106161.94
72832.16
124549.07
92612.1
97497.73
56445.2
112310.44
120716.27
76566.49
71647.59
73919.53
112732.99
53183.38
127488.42
59910.4
61118.59
88552.39
62696.69
101726.3
106147.38
94564.4
133529.84
125684.65
121596.21
71367.1
95347.75
105432.84
57045.27
120432.7
70707.2
69105.18
59358.69
65955.4
60017.03
118909.52
51606.59
123281.87
69770.18
102609.54
67997.19
135235.29
86641.34
136818.39
117626.73
56208.7
84222.65
90781.65
64701.1
126350.49
148152.89
132298.83
137627.63
80422.71
56373.99
70846.03
128694.23
133329.19
131961.43
112033.27
81399.35
97163.1
66007.16
128776.22
142623.02
136930.13
66526.61
114154.87
142392.75
146716.91
122485.68
97951.03
78283.49
83434.04
77836.23
60813.92
91353.86
116281.21
145197.7
50742.1
73033.53
54332.87
52207.45
63578.5
64507.72
115075.59
133030.6
141591.86
100380.28
96369.04
142603.84
117709.67
102241.54
96065.38
53894.61
123911.78
101996.35
83431.66
122975.63
93227.73
58762.65
139549.67
122016.42
72731.98
88416.54
73873.42
70709.34
115306.5
55924.63
85052.26
56646.34
138946.88
108256.72
58979.3
114727.68
139661.48
80382.24
149157.17
87830.41
143568.22
138171.85
115784.95
146508.99
137670.23
138597.27
147627.81
62999.02
91242.44
149489.92
63529.95
58525.41
90345.05
147770.87
106617.71
104929.88
100712.45
141982.93
104038.79
88501.54
79782.02
86224.1
103596.18
148996.47
60948.01
69535.44
111130.33
65847.69
78096.06
69219.89
144118.91
77397.05
68974.25
125231.3
85501.12
137116.21
138823.81
117961.95
132662.32
146405.79
81999.21
140934.6
82366.81
70424.11
53620.31
73389.18
111618.12
112187.37
120812.57
116031.04
125398.11
76101.47
75263.24
147387.76
85311.4
54388.11
124156.65
146203.34
56453.94
68873.79
91667.61
93776.52
66433.82
109059.27
122069.97
113090.32
89401.1
56842.79
146676.71
89511.96
97290.18
120673.56
114434.94
139546.69
95078.16
68091.77
61496.97
139669.3
80661.39
61783.65
52805.91
127024.75
135543
121708.73
107342.68
57888.1
118161.48
142499.06
128396.11
112350.61
124661.38
54263.16
62041.32
129296.11
60998.33
58008.5
82304.19
114531.74
128565.61
126488.26
119074.55
130238.04
115760.17
121248
98156.35
112146.8
102729.63
141083.35
102968.76
76310.01
120481.74
54559.18
92957.64
127810.06
73311.75
65138.03
90141.47
71160.36
67539.79
67664.86
68652.16
114728.74
141645.08
126247.84
128852.21
132384.76
129415.33
89536.82
87975.3
77675.79
58881.67
55081.99
118826.44
137627.62
51759.58
51667.06
68934.03
122110.9
90381.47
