44410
5712
37123
0
25757
10728
0
77599
99197
37978
12859
8052
89773
0
41457
115607
46449
0
37086
15173
101193
0
98079
102959
0
0
5795
0
58848
94381
30163
53332
17720
33808
90684
43975
0
0
5526
0
93415
40762
0
86302
0
9755
69945
2395
0
80349
85554
50496
67716
93947
35345
81007
119513
0
0
0
0
0
118895
48509
100912
95649
0
90495
0
29132
23802
84992
54395
26731
44329
118236
113808
610
0
0
12887
79607
90924
42733
0
0
117714
113885
0
30511
74867
119760
8356
64247
88661
4539
110116
33215
92001
0
81708
70641
0
91277
26544
52596
47503
89056
28834
110564
56638
17357
74015
15196
0
10821
0
0
9595
99052
52389
119945
96005
31639
0
80187
0
58212
61672
32017
0
56944
0
86519
4821
101025
30705
0
32555
103389
0
55289
0
0
115930
66437
96800
14237
19896
113045
114942
3173
83611
25356
88634
2314
2627
52034
0
0
79577
108201
76453
57683
96610
109001
26212
45971
49182
49907
38620
60996
73914
107392
9146
0
17924
0
116949
20476
52804
8849
91724
32056
74886
0
0
52189
83559
0
20328
0
75577
33659
104341
25510
18965
87161
6652
55738
0
0
0
64320
0
68678
71697
0
34783
33772
85127
13606
35647
95128
14046
41194
0
96100
103900
43814
24638
0
110966
15987
53369
10077
71544
107
8394
41498
116002
100858
67475
8497
4420
0
58537
0
0
112016
91840
112787
0
0
9293
0
55083
48796
0
89685
85384
98108
71280
27505
29981
52637
7685
50188
